=~=~=~=~=~=~=~=~=~=~=~= PuTTY log 2019.03.05 10:46:47 =~=~=~=~=~=~=~=~=~=~=~=
*******************************
Log-Time-Step [ms]: 
1000
Temp-Increase-Time-Step [ms]: 
600000
*******************************
0; 0; 32.00
123; 0; 31.75
733; 0; 32.25
1341; 0; 31.50
1950; 0; 32.50
2558; 0; 31.75
3168; 0; 32.25
100
3776; 100; 32.00
5828; 100; 32.00
6438; 100; 32.25
7049; 100; 31.50
7660; 100; 31.75
8270; 100; 32.00
8881; 100; 32.25
9491; 100; 32.00
10102; 100; 32.00
10713; 100; 32.50
11323; 100; 32.00
11934; 100; 32.00
12545; 100; 32.00
13155; 100; 32.25
13765; 100; 32.00
14376; 100; 32.75
14987; 100; 32.25
15597; 100; 32.75
16208; 100; 32.75
16819; 100; 32.75
17429; 100; 33.25
18040; 100; 32.50
18651; 100; 33.00
19261; 100; 33.00
19872; 100; 33.50
20483; 100; 33.75
21093; 100; 33.75
21704; 100; 34.25
22315; 100; 34.25
22925; 100; 34.25
23536; 100; 34.75
24146; 100; 35.00
24757; 100; 35.00
25368; 100; 35.25
25978; 100; 35.50
26589; 100; 35.75
27200; 100; 36.50
27810; 100; 36.75
28422; 100; 37.00
29032; 100; 37.50
29642; 100; 37.25
30253; 100; 38.00
30864; 100; 38.00
31474; 100; 38.75
32086; 100; 38.75
32696; 100; 39.25
33306; 100; 39.50
33917; 100; 39.25
34528; 100; 40.00
35138; 100; 40.25
35749; 100; 40.75
36360; 100; 41.00
36970; 100; 41.75
37581; 100; 41.50
38192; 100; 42.25
38802; 100; 42.00
39413; 100; 42.50
40024; 100; 43.25
40634; 100; 42.75
41245; 100; 44.00
41856; 100; 44.00
42466; 100; 44.25
43077; 100; 45.25
43687; 100; 45.00
44298; 100; 45.75
44909; 100; 45.50
45519; 100; 46.50
46130; 100; 46.50
46741; 100; 47.00
47351; 100; 47.75
47962; 100; 47.50
48573; 100; 48.25
49183; 100; 48.25
49794; 100; 49.00
50405; 100; 48.50
51015; 100; 49.75
51625; 100; 49.75
52236; 100; 50.25
52847; 100; 50.50
53457; 100; 51.00
54069; 100; 51.75
54679; 100; 51.50
55289; 100; 52.25
55900; 100; 51.75
56511; 100; 52.50
57121; 100; 53.25
57732; 100; 53.25
58343; 100; 54.00
58953; 100; 53.75
59564; 100; 55.00
60175; 100; 54.50
60785; 100; 55.50
61396; 100; 55.50
62007; 100; 56.25
62617; 100; 56.00
63227; 100; 56.25
63839; 100; 57.25
64449; 100; 57.25
65059; 100; 57.75
65671; 100; 58.00
66281; 100; 58.50
66891; 100; 58.50
67503; 100; 59.25
68113; 100; 59.75
68724; 100; 59.25
69335; 100; 60.25
69945; 100; 60.50
70556; 100; 61.00
71166; 100; 61.00
71777; 100; 61.25
72388; 100; 62.00
72998; 100; 62.75
73609; 100; 63.00
74220; 100; 62.75
74830; 100; 63.50
75441; 100; 62.50
76052; 100; 64.00
76662; 100; 64.75
77273; 100; 64.75
77884; 100; 65.25
78494; 100; 64.75
79105; 100; 66.00
79716; 100; 66.00
80326; 100; 66.50
80936; 100; 66.75
81548; 100; 67.25
82158; 100; 67.75
82768; 100; 66.75
83380; 100; 68.25
83990; 100; 68.75
84601; 100; 69.00
85212; 100; 68.75
85822; 100; 69.50
86433; 100; 69.75
87044; 100; 70.50
87654; 100; 70.75
88265; 100; 70.75
88876; 100; 71.50
89486; 100; 71.50
90097; 100; 72.00
90707; 100; 72.50
91318; 100; 72.50
91929; 100; 73.50
92539; 100; 73.25
93150; 100; 73.75
93761; 100; 73.50
94371; 100; 74.50
94982; 100; 75.00
95593; 100; 75.00
96203; 100; 75.75
96814; 100; 75.50
97425; 100; 76.25
98035; 100; 76.00
98647; 100; 77.25
99257; 100; 77.50
99867; 100; 77.25
100478; 100; 78.25
101089; 100; 77.50
101699; 100; 78.75
102310; 100; 79.00
102921; 100; 79.25
103532; 100; 79.25
104142; 100; 79.75
104754; 100; 80.75
105364; 100; 80.25
105974; 100; 81.00
106586; 100; 81.25
107196; 100; 81.25
107807; 100; 82.00
108418; 100; 82.00
109029; 100; 82.75
109639; 100; 82.50
110249; 100; 82.75
110861; 100; 83.50
111471; 100; 83.75
112082; 100; 84.75
112693; 100; 84.25
113304; 100; 84.75
113914; 100; 85.25
114525; 100; 85.50
115136; 100; 86.25
115746; 100; 86.00
116358; 100; 87.00
116968; 100; 86.50
117579; 100; 87.75
118190; 100; 87.75
118801; 100; 87.75
119411; 100; 88.50
120022; 100; 88.50
120633; 100; 89.25
121243; 100; 89.50
121854; 100; 89.25
122465; 100; 90.00
123076; 100; 90.25
123686; 100; 90.75
124297; 100; 90.75
124908; 100; 91.00
125518; 100; 91.50
126130; 100; 91.75
126740; 100; 92.50
127351; 100; 92.50
127962; 100; 93.25
128573; 100; 93.00
129183; 100; 93.50
129795; 100; 93.50
130405; 100; 94.25
131015; 100; 94.75
131627; 100; 94.50
132237; 100; 95.75
132848; 100; 95.50
133458; 100; 95.50
134070; 100; 96.50
134680; 100; 96.50
135291; 100; 97.25
135902; 100; 97.00
136512; 100; 97.75
137123; 100; 98.00
137734; 100; 97.50
138345; 100; 98.50
138955; 100; 98.75
139567; 100; 99.50
140177; 100; 99.25
140787; 100; 100.00
141399; 100; 100.00
142010; 100; 100.50
142621; 100; 101.00
143233; 100; 101.00
143844; 100; 100.75
144455; 100; 101.75
145067; 100; 102.00
145679; 100; 102.25
146289; 100; 102.75
146902; 100; 103.25
147513; 100; 103.50
148124; 100; 103.75
148736; 100; 104.25
149347; 100; 104.25
149958; 100; 104.75
150569; 100; 105.00
151181; 100; 105.00
151792; 100; 105.75
152403; 100; 105.75
153015; 100; 106.25
153626; 100; 107.00
154238; 100; 106.75
154850; 100; 107.50
155461; 100; 107.25
156072; 100; 107.75
156684; 100; 108.25
157295; 100; 108.25
157906; 100; 108.75
158518; 100; 109.25
159129; 100; 109.25
159740; 100; 110.25
160352; 100; 109.75
160964; 100; 110.50
161575; 100; 110.75
162187; 100; 111.00
162798; 100; 111.50
163409; 100; 111.50
164021; 100; 112.00
164632; 100; 112.25
165243; 100; 112.50
165855; 100; 113.25
166466; 100; 113.00
167077; 100; 113.50
167690; 100; 114.00
168301; 100; 113.75
168912; 100; 114.75
169524; 100; 114.50
170135; 100; 114.75
170746; 100; 115.75
171358; 100; 115.50
171969; 100; 116.25
172580; 100; 116.25
173192; 100; 116.75
173803; 100; 117.25
174414; 100; 116.75
175026; 100; 118.00
175637; 100; 117.75
176248; 100; 118.25
176860; 100; 118.50
177471; 100; 118.50
178083; 100; 119.50
178695; 100; 119.25
179306; 100; 119.75
179917; 100; 119.75
180529; 100; 120.25
181140; 100; 120.75
181751; 100; 121.00
182363; 100; 121.50
182974; 100; 121.75
183585; 100; 121.75
184197; 100; 122.50
184808; 100; 122.00
185419; 100; 122.50
186031; 100; 123.25
186643; 100; 122.50
187253; 100; 124.00
187866; 100; 123.75
188477; 100; 124.25
189088; 100; 125.00
189700; 100; 125.00
190311; 100; 125.50
190922; 100; 125.75
191534; 100; 125.75
192145; 100; 126.50
192756; 100; 126.00
193368; 100; 126.75
193979; 100; 127.00
194591; 100; 127.25
195203; 100; 127.50
195814; 100; 127.50
196425; 100; 128.50
197037; 100; 128.50
197648; 100; 129.25
198259; 100; 129.25
198871; 100; 129.00
199482; 100; 129.25
200093; 100; 130.25
200705; 100; 130.50
201316; 100; 130.50
201928; 100; 130.75
202540; 100; 131.50
203151; 100; 131.50
203762; 100; 132.25
204374; 100; 132.25
204985; 100; 132.50
205596; 100; 133.00
206208; 100; 133.50
206819; 100; 132.75
207430; 100; 134.00
208041; 100; 133.50
208653; 100; 134.00
209264; 100; 134.50
209875; 100; 134.75
210487; 100; 135.00
211099; 100; 135.50
211710; 100; 135.50
212322; 100; 136.25
212933; 100; 136.00
213544; 100; 137.00
214156; 100; 136.75
214767; 100; 137.25
215378; 100; 137.75
215990; 100; 137.75
216601; 100; 138.25
217212; 100; 138.75
217824; 100; 138.50
218435; 100; 139.00
219047; 100; 139.25
219659; 100; 139.25
220270; 100; 140.25
220881; 100; 139.25
221493; 100; 140.50
222104; 100; 140.50
222715; 100; 141.25
223327; 100; 141.25
223938; 100; 141.50
224549; 100; 142.25
225161; 100; 142.25
225772; 100; 142.50
226383; 100; 143.00
226996; 100; 142.50
227607; 100; 143.50
228218; 100; 143.75
228830; 100; 143.50
229441; 100; 144.50
230052; 100; 144.25
230664; 100; 144.75
231275; 100; 144.75
231886; 100; 145.25
232498; 100; 146.00
233109; 100; 145.50
233720; 100; 145.75
234332; 100; 146.50
234943; 100; 146.25
235554; 100; 147.25
236166; 100; 147.25
236778; 100; 147.25
237389; 100; 148.25
238001; 100; 147.50
238612; 100; 149.00
239223; 100; 149.00
239835; 100; 148.75
240446; 100; 149.75
241057; 100; 149.25
241669; 100; 149.75
242280; 100; 150.50
242891; 100; 150.25
243503; 100; 151.00
244115; 100; 151.00
244726; 100; 151.25
245338; 100; 151.00
245949; 100; 151.75
246560; 100; 152.00
247172; 100; 152.50
247783; 100; 152.50
248394; 100; 153.25
249006; 100; 152.25
249617; 100; 153.75
250228; 100; 153.50
250840; 100; 154.00
251451; 100; 154.75
252063; 100; 154.50
252675; 100; 155.00
253286; 100; 155.50
253897; 100; 155.00
254509; 100; 156.25
255120; 100; 155.50
255731; 100; 156.00
256343; 100; 156.50
256954; 100; 156.50
257565; 100; 157.00
258177; 100; 157.25
258788; 100; 157.50
259399; 100; 158.00
260011; 100; 157.50
260622; 100; 158.25
261233; 100; 158.50
261844; 100; 158.75
262456; 100; 159.75
263067; 100; 159.50
263678; 100; 159.75
264291; 100; 159.75
264902; 100; 160.25
265513; 100; 160.50
266125; 100; 160.50
266736; 100; 161.50
267347; 100; 161.25
267959; 100; 161.75
268570; 100; 162.25
269181; 100; 162.25
269793; 100; 162.00
270404; 100; 162.75
271015; 100; 163.25
271627; 100; 163.50
272238; 100; 163.50
272849; 100; 163.75
273461; 100; 163.75
274072; 100; 164.50
274683; 100; 164.75
275295; 100; 164.25
275906; 100; 165.50
276517; 100; 165.00
277129; 100; 165.75
277740; 100; 166.00
278351; 100; 166.25
278963; 100; 166.50
279574; 100; 166.50
280185; 100; 167.50
280798; 100; 167.25
281409; 100; 167.25
282019; 100; 168.25
282632; 100; 168.00
283243; 100; 168.25
283854; 100; 169.00
284466; 100; 168.75
285077; 100; 169.25
285688; 100; 169.50
286300; 100; 169.50
286911; 100; 170.25
287522; 100; 170.25
288134; 100; 170.50
288745; 100; 170.75
289356; 100; 171.00
289968; 100; 171.75
290579; 100; 171.25
291190; 100; 171.75
291803; 100; 172.25
292414; 100; 172.25
293025; 100; 173.00
293637; 100; 172.75
294248; 100; 173.00
294859; 100; 173.50
295471; 100; 173.25
296082; 100; 173.75
296693; 100; 173.75
297305; 100; 174.50
297917; 100; 174.75
298528; 100; 174.75
299140; 100; 175.50
299751; 100; 175.00
300362; 100; 175.25
300974; 100; 175.25
301585; 100; 176.00
302196; 100; 176.25
302808; 100; 176.75
303419; 100; 176.75
304031; 100; 177.50
304643; 100; 177.25
305254; 100; 178.00
305865; 100; 177.75
306477; 100; 178.50
307088; 100; 178.50
307699; 100; 178.50
308311; 100; 179.25
308922; 100; 179.00
309533; 100; 179.50
310145; 100; 179.75
310756; 100; 179.75
311368; 100; 180.75
311980; 100; 180.75
312591; 100; 180.75
313202; 100; 181.50
313814; 100; 180.75
314425; 100; 181.50
315036; 100; 182.00
315648; 100; 182.00
316259; 100; 182.75
316870; 100; 181.75
317481; 100; 183.00
318093; 100; 183.25
318704; 100; 183.25
319315; 100; 183.75
319927; 100; 183.75
320538; 100; 184.25
321150; 100; 184.75
321762; 100; 184.50
322373; 100; 185.25
322984; 100; 184.75
323596; 100; 185.50
324207; 100; 185.50
324818; 100; 185.50
325430; 100; 186.50
326041; 100; 186.25
326652; 100; 186.75
327264; 100; 187.00
327875; 100; 187.00
328486; 100; 187.75
329099; 100; 186.75
329710; 100; 187.50
330321; 100; 188.25
330933; 100; 188.00
331544; 100; 188.75
332155; 100; 188.75
332767; 100; 188.75
333378; 100; 189.25
333989; 100; 189.25
334601; 100; 190.25
335212; 100; 190.00
335823; 100; 190.25
336435; 100; 191.00
337046; 100; 190.75
337657; 100; 191.00
338269; 100; 191.00
338880; 100; 191.50
339492; 100; 192.00
340104; 100; 191.75
340715; 100; 192.50
341326; 100; 192.50
341938; 100; 192.75
342549; 100; 193.25
343160; 100; 193.00
343772; 100; 193.25
344383; 100; 193.75
344994; 100; 193.25
345606; 100; 194.00
346217; 100; 194.25
346828; 100; 194.25
347441; 100; 194.75
348052; 100; 194.50
348663; 100; 195.25
349275; 100; 195.50
349886; 100; 194.75
350497; 100; 196.00
351109; 100; 195.75
351720; 100; 196.50
352331; 100; 196.50
352943; 100; 197.00
353554; 100; 197.50
354165; 100; 196.75
354777; 100; 197.75
355389; 100; 197.50
356000; 100; 198.00
356612; 100; 198.75
357223; 100; 198.25
357834; 100; 199.00
358446; 100; 198.75
359057; 100; 199.00
359668; 100; 199.75
360280; 100; 199.75
360891; 100; 199.50
361502; 100; 200.50
362114; 100; 199.75
362725; 100; 201.00
363336; 100; 201.00
363948; 100; 200.75
364559; 100; 201.25
365171; 100; 201.50
365783; 100; 202.25
366394; 100; 201.75
367005; 100; 201.75
367617; 100; 203.00
368228; 100; 203.00
368839; 100; 203.25
369451; 100; 203.00
370062; 100; 203.50
370673; 100; 204.00
371284; 100; 203.25
371896; 100; 204.25
372507; 100; 204.50
373118; 100; 204.25
373731; 100; 205.00
374342; 100; 204.75
374953; 100; 204.75
375565; 100; 206.00
376176; 100; 205.75
376787; 100; 206.25
377399; 100; 206.75
378010; 100; 206.00
378621; 100; 206.50
379233; 100; 206.50
379844; 100; 207.00
380455; 100; 207.75
381068; 100; 207.50
381679; 100; 208.25
382290; 100; 207.50
382902; 100; 208.25
383513; 100; 209.00
384124; 100; 208.25
384736; 100; 209.25
385347; 100; 208.75
385958; 100; 209.25
386570; 100; 210.00
387181; 100; 209.75
387793; 100; 210.25
388405; 100; 210.50
389016; 100; 210.75
389627; 100; 211.00
390239; 100; 211.25
390850; 100; 210.75
391461; 100; 211.75
392073; 100; 211.75
392684; 100; 212.50
393295; 100; 212.25
393907; 100; 212.75
394518; 100; 213.50
395130; 100; 212.75
395742; 100; 213.50
396353; 100; 213.00
396964; 100; 213.50
397576; 100; 213.75
398187; 100; 213.75
398798; 100; 214.25
399410; 100; 214.50
400021; 100; 214.00
400632; 100; 215.25
401244; 100; 215.00
401855; 100; 215.50
402466; 100; 215.75
403078; 100; 215.25
403690; 100; 216.00
404301; 100; 215.75
404913; 100; 216.25
405524; 100; 216.75
406135; 100; 216.75
406747; 100; 217.00
407358; 100; 217.25
407969; 100; 217.25
408581; 100; 217.75
409192; 100; 217.75
409804; 100; 218.75
410416; 100; 218.50
411027; 100; 218.75
411638; 100; 219.25
412250; 100; 219.00
412861; 100; 219.50
413472; 100; 219.50
414084; 100; 218.75
414695; 100; 220.50
415306; 100; 220.25
415918; 100; 220.25
416529; 100; 220.50
417140; 100; 220.50
417752; 100; 221.00
418363; 100; 221.00
418975; 100; 221.50
419587; 100; 222.00
420198; 100; 222.25
420809; 100; 222.50
421421; 100; 222.25
422032; 100; 222.75
422643; 100; 223.00
423255; 100; 223.00
423866; 100; 223.00
424477; 100; 223.00
425089; 100; 223.50
425700; 100; 224.00
426311; 100; 224.00
426923; 100; 224.50
427534; 100; 224.50
428145; 100; 224.50
428756; 100; 225.25
429369; 100; 225.00
429980; 100; 225.25
430592; 100; 225.75
431203; 100; 225.75
431814; 100; 226.25
432425; 100; 226.00
433037; 100; 226.25
433648; 100; 226.75
434259; 100; 226.75
434871; 100; 227.25
435482; 100; 227.00
436093; 100; 227.50
436705; 100; 227.50
437316; 100; 227.50
437927; 100; 228.50
438539; 100; 228.50
439151; 100; 228.25
439762; 100; 229.00
440374; 100; 229.00
440985; 100; 229.50
441596; 100; 229.50
442208; 100; 229.50
442819; 100; 229.75
443430; 100; 229.50
444042; 100; 230.25
444653; 100; 230.25
445264; 100; 230.25
445876; 100; 231.00
446487; 100; 230.75
447098; 100; 231.00
447710; 100; 231.50
448321; 100; 231.75
448932; 100; 232.25
449545; 100; 231.75
450156; 100; 232.50
450767; 100; 232.50
451379; 100; 232.50
451990; 100; 233.25
452601; 100; 233.00
453213; 100; 233.00
453824; 100; 234.00
454435; 100; 233.75
455047; 100; 233.75
455658; 100; 233.75
456269; 100; 234.50
456881; 100; 234.75
457492; 100; 234.00
458103; 100; 234.75
458715; 100; 235.25
459326; 100; 235.75
459937; 100; 235.25
460549; 100; 235.75
461160; 100; 236.25
461771; 100; 236.50
462384; 100; 236.75
462995; 100; 236.75
463606; 100; 237.00
464218; 100; 237.50
464829; 100; 237.00
465440; 100; 237.75
466052; 100; 237.75
466663; 100; 237.75
467274; 100; 238.00
467886; 100; 238.00
468497; 100; 238.75
469108; 100; 238.75
469720; 100; 238.75
470331; 100; 239.50
470942; 100; 239.25
471554; 100; 239.75
472165; 100; 239.75
472777; 100; 240.00
473389; 100; 240.00
474000; 100; 240.25
474611; 100; 240.75
475223; 100; 240.25
475834; 100; 240.75
476445; 100; 241.50
477057; 100; 241.25
477668; 100; 241.50
478279; 100; 242.00
478891; 100; 241.50
479502; 100; 242.50
480113; 100; 242.25
480724; 100; 242.75
481336; 100; 242.50
481947; 100; 242.75
482558; 100; 243.25
483171; 100; 243.00
483782; 100; 243.25
484393; 100; 243.25
485005; 100; 244.00
485616; 100; 244.50
486227; 100; 244.00
486839; 100; 244.75
487450; 100; 244.75
488061; 100; 244.75
488673; 100; 245.50
489284; 100; 244.75
489895; 100; 245.00
490507; 100; 246.00
491118; 100; 245.75
491729; 100; 246.50
492341; 100; 245.75
492952; 100; 246.75
493563; 100; 246.75
494175; 100; 246.75
494786; 100; 247.50
495397; 100; 247.25
496009; 100; 247.25
496620; 100; 247.75
497231; 100; 247.25
497843; 100; 248.25
498455; 100; 247.75
499066; 100; 248.75
499678; 100; 248.25
500289; 100; 248.25
500900; 100; 249.00
501512; 100; 249.00
502123; 100; 249.50
502734; 100; 249.75
503346; 100; 250.00
503957; 100; 250.50
504568; 100; 250.00
505180; 100; 250.75
505791; 100; 250.50
506402; 100; 251.00
507014; 100; 250.75
507625; 100; 251.00
508236; 100; 251.75
508848; 100; 251.75
509459; 100; 251.50
510070; 100; 251.75
510682; 100; 251.50
511293; 100; 252.25
511904; 100; 252.00
512516; 100; 252.75
513127; 100; 253.25
513738; 100; 253.00
514350; 100; 253.75
514961; 100; 253.25
515572; 100; 253.75
516184; 100; 254.00
516795; 100; 253.75
517406; 100; 254.25
518018; 100; 254.00
518629; 100; 254.50
519240; 100; 255.25
519853; 100; 254.50
520464; 100; 255.50
521075; 100; 255.25
521687; 100; 255.25
522298; 100; 255.75
522909; 100; 255.50
523521; 100; 256.50
524132; 100; 256.25
524743; 100; 256.25
525355; 100; 257.00
525966; 100; 256.50
526577; 100; 257.50
527188; 100; 256.75
527800; 100; 257.50
528411; 100; 258.00
529022; 100; 257.25
529634; 100; 258.00
530245; 100; 258.00
530856; 100; 258.25
531469; 100; 258.50
532080; 100; 258.75
532691; 100; 259.25
533303; 100; 259.25
533914; 100; 258.75
534525; 100; 260.00
535137; 100; 259.50
535748; 100; 260.00
536359; 100; 259.75
536971; 100; 260.25
537583; 100; 260.75
538194; 100; 260.75
538806; 100; 260.25
539417; 100; 261.25
540028; 100; 261.00
540640; 100; 261.25
541251; 100; 261.75
541862; 100; 261.25
542474; 100; 262.25
543085; 100; 262.00
543697; 100; 262.00
544309; 100; 262.75
544920; 100; 262.50
545531; 100; 263.25
546143; 100; 263.00
546754; 100; 263.25
547365; 100; 263.25
547977; 100; 263.00
548588; 100; 263.75
549199; 100; 264.00
549811; 100; 264.00
550422; 100; 264.25
551033; 100; 264.50
551645; 100; 264.50
552256; 100; 264.75
552867; 100; 265.00
553480; 100; 265.50
554090; 100; 265.50
554702; 100; 266.00
555314; 100; 265.50
555925; 100; 266.00
556536; 100; 266.00
557148; 100; 266.25
557759; 100; 266.75
558370; 100; 266.75
558982; 100; 266.75
559593; 100; 267.50
560204; 100; 267.25
560816; 100; 267.75
561427; 100; 267.50
562038; 100; 268.00
562651; 100; 268.00
563262; 100; 268.00
563872; 100; 268.75
564485; 100; 268.25
565096; 100; 268.50
565707; 100; 269.25
566319; 100; 269.00
566930; 100; 269.50
567541; 100; 269.25
568153; 100; 269.25
568764; 100; 270.25
569375; 100; 270.00
569987; 100; 270.25
570598; 100; 270.50
571209; 100; 270.50
571821; 100; 271.00
572432; 100; 270.25
573043; 100; 271.25
573655; 100; 271.50
574266; 100; 271.00
574877; 100; 272.00
575489; 100; 271.50
576101; 100; 272.00
576712; 100; 272.25
577324; 100; 272.00
577935; 100; 273.00
578546; 100; 272.75
579158; 100; 272.75
579769; 100; 273.25
580380; 100; 272.50
580992; 100; 273.00
581603; 100; 273.25
582214; 100; 273.50
582825; 100; 274.00
583437; 100; 274.00
584048; 100; 274.50
584659; 100; 274.50
585271; 100; 274.50
585883; 100; 274.75
586494; 100; 274.50
587106; 100; 275.25
587717; 100; 275.75
588328; 100; 275.00
588940; 100; 275.50
589551; 100; 275.25
590162; 100; 276.25
590774; 100; 276.25
591385; 100; 276.25
591996; 100; 276.25
592608; 100; 276.50
593219; 100; 277.00
593830; 100; 277.25
594442; 100; 277.25
595053; 100; 277.50
595664; 100; 277.50
596276; 100; 277.75
596887; 100; 278.00
597498; 100; 278.00
598110; 100; 278.75
598721; 100; 278.25
599332; 100; 278.25
599944; 100; 278.75
600556; 100; 278.75
601167; 100; 279.50
601779; 100; 278.50
602390; 100; 280.00
603001; 100; 279.25
603613; 100; 279.50
604224; 100; 280.25
604835; 100; 279.50
605447; 100; 280.50
606058; 100; 280.25
606669; 100; 280.25
607281; 100; 281.00
607892; 100; 280.50
608503; 100; 281.25
609115; 100; 281.00
609726; 100; 281.25
610337; 100; 282.00
610949; 100; 281.25
611560; 100; 282.25
612171; 100; 282.25
612784; 100; 282.25
613394; 100; 282.50
614005; 100; 282.25
614618; 100; 283.00
615229; 100; 282.75
615840; 100; 282.50
616452; 100; 283.25
617063; 100; 282.75
617674; 100; 283.75
618286; 100; 284.00
618897; 100; 283.50
619508; 100; 284.25
620120; 100; 284.50
620731; 100; 284.50
621342; 100; 284.50
621954; 100; 284.50
622565; 100; 285.25
623176; 100; 284.75
623788; 100; 285.50
624399; 100; 285.50
625010; 100; 285.00
625622; 100; 286.00
626234; 100; 285.25
626845; 100; 286.00
627457; 100; 286.50
628068; 100; 286.25
628679; 100; 287.00
629291; 100; 286.75
629902; 100; 286.75
630513; 100; 287.00
631124; 100; 287.25
631736; 100; 287.75
632347; 100; 287.00
632960; 100; 288.00
633571; 100; 288.25
634182; 100; 288.00
634793; 100; 288.75
635405; 100; 288.25
636016; 100; 288.25
636627; 100; 288.50
637239; 100; 288.25
637850; 100; 289.00
638461; 100; 288.50
639073; 100; 289.25
639684; 100; 290.00
640295; 100; 289.50
640907; 100; 290.25
641518; 100; 289.00
642129; 100; 290.00
642741; 100; 290.50
643352; 100; 290.25
643963; 100; 291.00
644575; 100; 290.75
645186; 100; 290.75
645798; 100; 291.50
646410; 100; 291.00
647021; 100; 291.75
647632; 100; 291.75
648244; 100; 291.75
648855; 100; 292.00
649466; 100; 291.75
650078; 100; 292.50
650689; 100; 292.75
651300; 100; 292.25
651912; 100; 293.25
652523; 100; 292.50
653134; 100; 293.00
653746; 100; 293.00
654357; 100; 293.00
654968; 100; 293.75
655580; 100; 293.75
656191; 100; 293.75
656802; 100; 294.25
657415; 100; 294.00
658026; 100; 294.50
658637; 100; 294.25
659249; 100; 294.00
659860; 100; 295.25
660471; 100; 294.50
661083; 100; 295.00
661694; 100; 295.50
662305; 100; 295.25
662917; 100; 295.75
663528; 100; 295.75
664139; 100; 296.00
664751; 100; 296.25
665362; 100; 295.50
665973; 100; 296.50
666585; 100; 296.50
667196; 100; 296.75
667807; 100; 297.00
668419; 100; 296.50
669030; 100; 297.00
669641; 100; 297.25
670253; 100; 297.00
670864; 100; 297.75
671476; 100; 297.50
672088; 100; 297.75
672699; 100; 298.00
673310; 100; 297.75
673922; 100; 298.75
674533; 100; 298.50
675144; 100; 298.50
675756; 100; 299.25
676367; 100; 298.50
676978; 100; 299.00
677590; 100; 298.75
678202; 100; 299.50
678813; 100; 299.50
679425; 100; 299.25
680036; 100; 300.25
680647; 100; 300.00
681259; 100; 299.25
681870; 100; 300.25
682481; 100; 300.00
683092; 100; 300.75
683704; 100; 300.25
684315; 100; 300.25
684926; 100; 300.50
685538; 100; 301.25
686150; 100; 301.25
686761; 100; 301.75
687373; 100; 301.50
687984; 100; 301.75
0
688595; 0; 301.75
0
689205; 0; 302.25
690814; 0; 302.75
691424; 0; 302.50
692033; 0; 302.75
692642; 0; 302.75
693253; 0; 303.75
693862; 0; 303.00
694471; 0; 303.75
695080; 0; 303.50
695691; 0; 303.75
696300; 0; 303.25
696909; 0; 304.00
697519; 0; 303.00
698128; 0; 303.50
698738; 0; 303.00
699347; 0; 303.75
699957; 0; 302.50
700566; 0; 303.00
701175; 0; 302.50
701786; 0; 302.50
702395; 0; 301.75
703004; 0; 301.75
703613; 0; 300.75
704224; 0; 300.00
704833; 0; 299.75
705442; 0; 299.75
706052; 0; 299.00
706661; 0; 298.50
707271; 0; 298.00
707880; 0; 297.25
708490; 0; 296.50
709099; 0; 296.00
709708; 0; 296.25
710319; 0; 295.00
710928; 0; 295.25
711537; 0; 294.00
712146; 0; 294.00
712756; 0; 293.00
713366; 0; 293.00
713975; 0; 291.25
714585; 0; 291.75
715194; 0; 290.50
715803; 0; 290.75
716412; 0; 289.00
717023; 0; 289.75
717632; 0; 288.00
718241; 0; 288.50
718851; 0; 287.00
719461; 0; 287.25
720070; 0; 286.25
720679; 0; 285.75
721289; 0; 285.00
721898; 0; 285.25
722508; 0; 283.50
723118; 0; 283.50
723727; 0; 283.25
724336; 0; 282.50
724946; 0; 281.75
725556; 0; 281.75
726165; 0; 281.00
726774; 0; 280.50
727384; 0; 280.25
727994; 0; 279.50
728603; 0; 279.00
729212; 0; 278.50
729822; 0; 278.25
730431; 0; 277.50
731041; 0; 277.50
731651; 0; 277.00
732260; 0; 276.50
732869; 0; 275.25
733479; 0; 275.25
734089; 0; 275.00
734698; 0; 274.50
735307; 0; 273.50
735917; 0; 274.00
736526; 0; 272.75
737136; 0; 272.75
737745; 0; 272.00
738355; 0; 272.25
738964; 0; 271.25
739573; 0; 270.75
740184; 0; 270.25
740793; 0; 270.50
741402; 0; 269.00
742011; 0; 269.00
742621; 0; 268.50
743230; 0; 269.00
743840; 0; 267.75
744450; 0; 267.50
745059; 0; 266.75
745668; 0; 267.00
746277; 0; 266.00
746888; 0; 266.25
747497; 0; 265.25
748106; 0; 265.25
748716; 0; 264.25
749325; 0; 264.00
749935; 0; 263.00
750544; 0; 263.50
751154; 0; 262.50
751763; 0; 263.00
752372; 0; 262.25
752983; 0; 261.75
753592; 0; 261.00
754201; 0; 261.25
754810; 0; 259.50
755420; 0; 260.25
756029; 0; 259.50
756639; 0; 259.50
757249; 0; 259.00
757858; 0; 258.50
758467; 0; 257.75
759077; 0; 258.00
759687; 0; 257.25
760296; 0; 257.00
760905; 0; 256.50
761515; 0; 256.75
762124; 0; 255.75
762734; 0; 255.50
763343; 0; 255.00
763953; 0; 255.00
764562; 0; 254.00
765171; 0; 254.50
765782; 0; 253.50
766391; 0; 253.25
767000; 0; 252.50
767609; 0; 252.00
768219; 0; 251.75
768828; 0; 252.25
769438; 0; 251.50
770048; 0; 251.50
770657; 0; 249.75
771266; 0; 250.75
771875; 0; 250.00
772486; 0; 249.75
773095; 0; 249.00
773704; 0; 249.00
774313; 0; 248.25
774924; 0; 248.00
775533; 0; 246.75
776142; 0; 247.75
776752; 0; 246.50
777361; 0; 247.00
777971; 0; 246.25
778580; 0; 246.00
779190; 0; 245.50
779799; 0; 245.00
780409; 0; 244.25
781019; 0; 244.25
781628; 0; 244.00
782237; 0; 243.75
782846; 0; 243.25
783457; 0; 242.75
784066; 0; 243.00
784675; 0; 242.75
785285; 0; 242.50
785895; 0; 242.00
786504; 0; 241.25
787113; 0; 240.25
787723; 0; 241.25
788332; 0; 240.50
788942; 0; 239.75
789552; 0; 239.75
790161; 0; 240.00
790770; 0; 238.25
791379; 0; 239.00
791990; 0; 238.25
792599; 0; 238.50
793208; 0; 237.50
793818; 0; 237.50
794427; 0; 237.25
795037; 0; 237.00
795646; 0; 236.50
796256; 0; 236.25
796865; 0; 235.75
797474; 0; 236.00
798085; 0; 235.25
798694; 0; 234.75
799303; 0; 234.75
799912; 0; 234.25
800522; 0; 233.75
801132; 0; 233.75
801741; 0; 233.75
802351; 0; 233.00
802960; 0; 232.75
803570; 0; 231.50
804179; 0; 232.50
804789; 0; 231.25
805398; 0; 231.50
806007; 0; 230.75
806618; 0; 230.75
807227; 0; 229.75
807836; 0; 230.00
808445; 0; 229.00
809055; 0; 229.25
809664; 0; 228.50
810274; 0; 228.50
810884; 0; 228.00
811493; 0; 228.00
812102; 0; 226.75
812711; 0; 227.25
813322; 0; 226.75
813931; 0; 227.00
814540; 0; 226.50
815150; 0; 226.00
815759; 0; 226.00
816369; 0; 225.25
816978; 0; 225.00
817588; 0; 224.25
818197; 0; 225.00
818806; 0; 223.75
819417; 0; 224.25
820026; 0; 223.50
820635; 0; 223.50
821244; 0; 222.75
821854; 0; 223.00
822464; 0; 222.00
823073; 0; 222.00
823683; 0; 221.25
824292; 0; 221.75
824901; 0; 220.50
825511; 0; 220.50
826121; 0; 219.75
826730; 0; 220.00
827339; 0; 219.75
827949; 0; 219.75
828559; 0; 219.25
829168; 0; 218.75
829777; 0; 218.75
830387; 0; 217.50
830997; 0; 218.50
831606; 0; 217.50
832216; 0; 217.75
832825; 0; 216.75
833434; 0; 216.50
834044; 0; 216.50
834654; 0; 216.75
835263; 0; 216.00
835872; 0; 216.00
836482; 0; 215.25
837092; 0; 215.25
837701; 0; 214.25
838310; 0; 214.75
838920; 0; 214.00
839530; 0; 214.25
840139; 0; 213.50
840749; 0; 213.50
841358; 0; 212.75
841967; 0; 213.00
842577; 0; 212.25
843187; 0; 212.50
843796; 0; 211.75
844405; 0; 212.00
845016; 0; 211.00
845625; 0; 211.25
846234; 0; 210.50
846843; 0; 210.75
847453; 0; 209.75
848063; 0; 209.75
848672; 0; 209.50
849282; 0; 209.50
849891; 0; 208.75
850500; 0; 208.25
851109; 0; 208.25
851720; 0; 208.25
852329; 0; 207.50
852938; 0; 208.00
853548; 0; 206.25
854157; 0; 207.25
854766; 0; 206.75
855376; 0; 207.00
855986; 0; 206.00
856595; 0; 206.25
857204; 0; 205.50
857814; 0; 205.25
858424; 0; 205.00
859033; 0; 204.75
859642; 0; 204.75
860252; 0; 204.00
860862; 0; 204.00
861471; 0; 203.00
862081; 0; 203.75
862690; 0; 202.75
863299; 0; 203.25
863909; 0; 202.75
864519; 0; 202.50
865128; 0; 202.00
865737; 0; 202.25
866347; 0; 201.00
866957; 0; 201.75
867566; 0; 200.75
868175; 0; 201.25
868785; 0; 200.25
869394; 0; 200.75
870004; 0; 199.75
870614; 0; 200.00
871223; 0; 199.25
871832; 0; 199.50
872441; 0; 198.75
873052; 0; 198.50
873661; 0; 198.00
874270; 0; 198.00
874880; 0; 197.75
875489; 0; 198.00
876098; 0; 197.00
876708; 0; 197.00
877318; 0; 196.50
877927; 0; 196.75
878536; 0; 196.50
879145; 0; 196.50
879756; 0; 195.75
880365; 0; 196.00
880974; 0; 194.75
881584; 0; 195.00
882193; 0; 194.50
882803; 0; 194.00
883412; 0; 194.50
884022; 0; 194.00
884631; 0; 193.75
885240; 0; 193.25
885851; 0; 193.25
886460; 0; 192.75
887069; 0; 193.00
887678; 0; 192.50
888288; 0; 192.00
888898; 0; 192.00
889507; 0; 192.00
890117; 0; 191.25
890726; 0; 191.00
891335; 0; 190.75
891945; 0; 191.00
892555; 0; 190.00
893164; 0; 190.25
893773; 0; 190.00
894384; 0; 190.00
894993; 0; 189.00
895602; 0; 189.50
896211; 0; 188.75
896821; 0; 188.75
897431; 0; 188.50
898040; 0; 188.00
898650; 0; 187.25
899259; 0; 188.00
899869; 0; 187.25
900478; 0; 186.75
901088; 0; 186.75
901697; 0; 187.00
902306; 0; 185.75
902917; 0; 186.50
903526; 0; 185.75
904135; 0; 186.00
904744; 0; 185.00
905355; 0; 185.75
905964; 0; 184.75
906573; 0; 185.00
907183; 0; 184.25
907792; 0; 184.75
908402; 0; 183.75
909011; 0; 184.50
909621; 0; 183.00
910230; 0; 183.00
910840; 0; 182.75
911450; 0; 182.75
912059; 0; 182.00
912668; 0; 182.50
913277; 0; 182.00
913888; 0; 182.00
914497; 0; 181.25
915106; 0; 182.00
915716; 0; 180.50
916325; 0; 181.00
916934; 0; 180.75
917544; 0; 180.50
918154; 0; 179.50
918763; 0; 180.25
919372; 0; 179.00
919982; 0; 179.75
920592; 0; 179.00
921201; 0; 179.25
921810; 0; 178.50
922420; 0; 178.75
923029; 0; 178.25
923639; 0; 178.50
924249; 0; 177.75
924858; 0; 177.75
925467; 0; 177.25
926077; 0; 176.75
926687; 0; 176.75
927296; 0; 176.75
927905; 0; 176.50
928515; 0; 175.75
929125; 0; 175.75
929734; 0; 175.25
930343; 0; 175.50
930953; 0; 175.50
931563; 0; 175.25
932172; 0; 174.75
932782; 0; 174.50
933391; 0; 174.25
934000; 0; 174.00
934610; 0; 174.00
935220; 0; 173.50
935829; 0; 173.50
936438; 0; 173.50
937049; 0; 173.00
937658; 0; 172.75
938267; 0; 172.50
938876; 0; 172.25
939486; 0; 171.50
940096; 0; 172.00
940705; 0; 171.50
941315; 0; 171.00
941924; 0; 171.00
942533; 0; 171.25
943143; 0; 170.25
943753; 0; 170.75
944362; 0; 170.00
944971; 0; 170.00
945582; 0; 169.50
946191; 0; 169.50
946800; 0; 169.25
947409; 0; 169.25
948019; 0; 168.75
948629; 0; 169.00
949238; 0; 167.25
949848; 0; 168.25
950457; 0; 167.50
951067; 0; 168.25
951676; 0; 167.25
952286; 0; 168.00
952895; 0; 167.00
953504; 0; 167.25
954114; 0; 166.25
954724; 0; 166.75
955333; 0; 166.00
955942; 0; 166.50
956552; 0; 165.25
957161; 0; 166.00
957771; 0; 165.00
958381; 0; 165.25
958990; 0; 164.75
959599; 0; 164.75
960208; 0; 164.00
960819; 0; 164.75
961428; 0; 164.00
962037; 0; 163.50
962647; 0; 164.00
963256; 0; 163.50
963865; 0; 163.25
964475; 0; 163.25
965085; 0; 162.50
965694; 0; 162.00
966303; 0; 162.25
966914; 0; 162.25
967523; 0; 161.50
968132; 0; 161.50
968741; 0; 161.25
969351; 0; 161.25
969961; 0; 161.75
970570; 0; 160.75
971180; 0; 161.00
971789; 0; 160.00
972398; 0; 160.75
973008; 0; 159.75
973618; 0; 160.50
974227; 0; 159.50
974836; 0; 160.00
975446; 0; 159.50
976056; 0; 159.50
976665; 0; 158.50
977274; 0; 158.75
977884; 0; 158.50
978494; 0; 158.25
979103; 0; 157.75
979713; 0; 158.50
980322; 0; 157.50
980932; 0; 157.75
981541; 0; 157.00
982151; 0; 157.50
982760; 0; 156.75
983369; 0; 157.25
983980; 0; 156.50
984589; 0; 156.75
985198; 0; 155.50
985807; 0; 156.50
986417; 0; 155.25
987026; 0; 156.00
987636; 0; 155.25
988246; 0; 155.50
988855; 0; 154.75
989464; 0; 155.50
990073; 0; 154.50
990684; 0; 154.50
991293; 0; 154.25
991902; 0; 154.00
992512; 0; 153.00
993121; 0; 153.75
993731; 0; 153.25
994340; 0; 153.50
994950; 0; 153.00
995559; 0; 153.00
996168; 0; 152.75
996779; 0; 152.25
997388; 0; 152.50
997997; 0; 151.50
998606; 0; 151.50
999217; 0; 151.50
999826; 0; 151.75
1000435; 0; 150.75
1001044; 0; 151.25
1001654; 0; 150.50
1002264; 0; 150.75
1002873; 0; 150.25
1003483; 0; 150.50
1004093; 0; 149.75
1004702; 0; 150.00
1005312; 0; 149.50
1005921; 0; 149.25
1006531; 0; 148.75
1007140; 0; 149.25
1007750; 0; 148.25
1008359; 0; 148.25
1008968; 0; 148.25
1009579; 0; 148.50
1010188; 0; 148.00
1010797; 0; 148.00
1011406; 0; 147.75
1012017; 0; 147.50
1012626; 0; 147.25
1013235; 0; 146.75
1013846; 0; 147.00
1014455; 0; 147.00
1015064; 0; 146.25
1015673; 0; 145.75
1016284; 0; 146.25
1016893; 0; 146.25
1017502; 0; 145.50
1018113; 0; 145.50
1018722; 0; 145.25
1019331; 0; 145.00
1019941; 0; 144.75
1020551; 0; 144.75
1021160; 0; 144.25
1021770; 0; 144.25
1022380; 0; 144.00
1022989; 0; 143.75
1023599; 0; 143.75
1024208; 0; 143.50
1024818; 0; 143.50
1025427; 0; 143.50
1026037; 0; 143.25
1026647; 0; 143.00
1027256; 0; 142.50
1027866; 0; 142.75
1028475; 0; 142.00
1029085; 0; 142.00
1029695; 0; 142.25
1030304; 0; 141.75
1030914; 0; 141.75
1031524; 0; 141.25
1032133; 0; 141.25
1032742; 0; 141.00
1033352; 0; 140.75
1033962; 0; 140.75
1034571; 0; 140.50
1035181; 0; 140.00
1035790; 0; 140.25
1036400; 0; 140.25
1037009; 0; 140.00
1037619; 0; 139.25
1038229; 0; 139.75
1038838; 0; 139.25
1039448; 0; 139.50
1040058; 0; 139.00
1040667; 0; 139.00
1041276; 0; 139.00
1041886; 0; 138.25
1042496; 0; 138.25
1043105; 0; 138.25
1043715; 0; 137.75
1044324; 0; 138.00
1044934; 0; 137.25
1045543; 0; 137.75
1046153; 0; 137.00
1046762; 0; 137.00
1047372; 0; 136.25
1047982; 0; 137.00
1048591; 0; 136.25
1049200; 0; 136.50
1049810; 0; 135.75
1050420; 0; 136.50
1051029; 0; 135.50
1051639; 0; 135.50
1052249; 0; 134.75
1052858; 0; 135.25
1053467; 0; 134.75
1054077; 0; 135.50
1054687; 0; 134.25
1055296; 0; 135.00
1055905; 0; 134.50
1056516; 0; 134.50
1057125; 0; 134.00
1057734; 0; 134.25
1058343; 0; 133.50
1058953; 0; 134.00
1059563; 0; 133.25
1060172; 0; 133.25
1060782; 0; 132.50
1061391; 0; 133.50
1062001; 0; 132.25
1062610; 0; 133.00
1063220; 0; 132.00
1063829; 0; 132.50
1064439; 0; 131.50
1065049; 0; 132.00
1065658; 0; 131.75
1066267; 0; 131.50
1066877; 0; 131.00
1067487; 0; 131.00
1068096; 0; 130.75
1068706; 0; 131.25
1069316; 0; 130.25
1069925; 0; 130.50
1070534; 0; 130.00
1071144; 0; 130.25
1071754; 0; 130.00
1072363; 0; 129.25
1072972; 0; 129.50
1073583; 0; 129.50
1074192; 0; 129.25
1074801; 0; 128.75
1075410; 0; 129.00
1076021; 0; 128.75
1076630; 0; 128.75
1077239; 0; 128.00
1077849; 0; 128.25
1078459; 0; 128.25
1079068; 0; 128.25
1079677; 0; 127.75
1080288; 0; 127.50
1080897; 0; 127.00
1081506; 0; 127.50
1082116; 0; 127.00
1082726; 0; 127.00
1083335; 0; 126.25
1083944; 0; 126.50
1084554; 0; 126.25
1085164; 0; 126.25
1085773; 0; 125.75
1086383; 0; 126.00
1086993; 0; 125.50
1087602; 0; 126.00
1088211; 0; 125.25
1088821; 0; 125.50
1089431; 0; 125.00
1090040; 0; 125.50
1090650; 0; 124.50
1091259; 0; 125.00
1091869; 0; 124.25
1092478; 0; 124.75
1093088; 0; 124.00
1093698; 0; 124.75
1094307; 0; 123.75
1094917; 0; 124.00
1095526; 0; 123.25
1096136; 0; 124.00
1096745; 0; 123.00
1097355; 0; 123.50
1097964; 0; 122.75
1098574; 0; 123.25
1099184; 0; 122.25
1099793; 0; 122.50
1100402; 0; 122.00
1101012; 0; 122.75
1101622; 0; 121.75
1102231; 0; 122.25
1102840; 0; 121.50
1103451; 0; 121.75
1104060; 0; 120.75
1104669; 0; 121.50
1105280; 0; 121.00
1105889; 0; 121.50
1106498; 0; 120.75
1107107; 0; 120.50
1107718; 0; 120.50
1108327; 0; 120.50
1108936; 0; 120.25
1109545; 0; 120.25
1110156; 0; 119.75
1110765; 0; 119.50
1111374; 0; 119.50
1111984; 0; 119.75
1112594; 0; 119.00
1113203; 0; 119.25
1113812; 0; 118.75
1114422; 0; 118.75
1115032; 0; 118.50
1115641; 0; 118.50
1116251; 0; 118.25
1116861; 0; 117.75
1117470; 0; 117.75
1118080; 0; 118.00
1118689; 0; 117.75
1119299; 0; 117.50
1119908; 0; 117.50
1120518; 0; 117.25
1121128; 0; 117.25
1121737; 0; 116.50
1122347; 0; 117.25
1122956; 0; 116.50
1123566; 0; 116.75
1124175; 0; 116.00
1124785; 0; 116.50
1125394; 0; 115.75
1126004; 0; 116.00
1126614; 0; 115.25
1127223; 0; 116.00
1127833; 0; 114.75
1128442; 0; 115.00
1129052; 0; 114.50
1129661; 0; 115.25
1130270; 0; 114.25
1130881; 0; 114.75
1131490; 0; 114.25
1132099; 0; 114.75
1132708; 0; 114.25
1133319; 0; 114.50
1133928; 0; 114.00
1134537; 0; 114.00
1135147; 0; 114.25
1135757; 0; 114.00
1136366; 0; 113.75
1136975; 0; 113.50
1137586; 0; 113.25
1138195; 0; 113.25
1138804; 0; 113.00
1139414; 0; 112.75
1140024; 0; 112.50
1140633; 0; 112.25
1141242; 0; 112.50
1141852; 0; 112.25
1142462; 0; 111.75
1143071; 0; 111.50
1143681; 0; 112.00
1144291; 0; 111.25
1144900; 0; 111.75
1145509; 0; 111.25
1146119; 0; 111.00
1146729; 0; 111.00
1147338; 0; 111.25
1147948; 0; 110.75
1148557; 0; 111.00
1149167; 0; 110.50
1149776; 0; 110.75
1150386; 0; 110.25
1150996; 0; 110.75
1151605; 0; 110.00
1152215; 0; 110.25
1152825; 0; 109.50
1153434; 0; 109.75
1154043; 0; 109.00
1154653; 0; 109.00
1155263; 0; 109.00
1155872; 0; 109.25
1156482; 0; 108.75
1157091; 0; 108.75
1157701; 0; 108.50
1158310; 0; 108.75
1158920; 0; 108.25
1159529; 0; 108.00
1160139; 0; 108.00
1160749; 0; 108.25
1161358; 0; 107.75
1161968; 0; 108.00
1162577; 0; 107.25
1163187; 0; 107.50
1163796; 0; 107.00
1164406; 0; 107.25
1165016; 0; 106.75
1165625; 0; 107.00
1166235; 0; 106.50
1166844; 0; 107.25
1167454; 0; 106.25
1168063; 0; 106.75
1168673; 0; 105.75
1169283; 0; 106.25
1169892; 0; 105.75
1170502; 0; 106.25
1171111; 0; 105.25
1171721; 0; 106.25
1172331; 0; 105.00
1172940; 0; 105.50
1173550; 0; 105.00
1174160; 0; 104.50
1174769; 0; 104.50
1175378; 0; 105.50
1175988; 0; 103.75
1176598; 0; 105.00
1177207; 0; 104.00
1177817; 0; 104.00
1178426; 0; 104.00
1179036; 0; 104.00
1179645; 0; 103.25
1180255; 0; 104.50
1180864; 0; 103.75
1181474; 0; 103.75
1182084; 0; 103.00
1182693; 0; 103.50
1183302; 0; 103.00
1183911; 0; 103.50
1184522; 0; 103.00
1185131; 0; 103.25
1185740; 0; 102.50
1186351; 0; 102.75
1186960; 0; 102.00
1187569; 0; 102.25
1188178; 0; 101.75
1188789; 0; 102.25
1189398; 0; 101.50
1190007; 0; 102.00
1190618; 0; 101.50
1191227; 0; 101.75
1191836; 0; 101.25
1192445; 0; 101.50
1193055; 0; 101.25
1193665; 0; 101.50
1194274; 0; 101.00
1194884; 0; 101.25
1195493; 0; 100.25
1196103; 0; 101.00
1196712; 0; 100.25
1197322; 0; 100.50
1197931; 0; 99.50
1198541; 0; 100.25
1199150; 0; 100.00
1199759; 0; 100.25
1200369; 0; 99.50
1200978; 0; 99.75
1201588; 0; 99.50
1202196; 0; 99.50
1202805; 0; 99.25
1203414; 0; 98.75
1204023; 0; 99.50
1204632; 0; 99.00
1205240; 0; 98.75
1205850; 0; 98.75
1206459; 0; 98.75
1207067; 0; 98.50
1207676; 0; 98.75
1208285; 0; 97.75
1208894; 0; 98.50
1209503; 0; 97.75
1210112; 0; 98.25
1210721; 0; 97.75
1211330; 0; 97.75
1211938; 0; 97.75
1212548; 0; 97.25
1213156; 0; 97.00
1213765; 0; 96.75
1214374; 0; 97.25
1214983; 0; 96.75
1215592; 0; 97.00
1216201; 0; 96.50
1216809; 0; 97.00
1217419; 0; 96.25
1218027; 0; 96.50
1218636; 0; 96.25
1219246; 0; 96.00
1219854; 0; 96.00
1220463; 0; 95.50
1221071; 0; 96.50
1221681; 0; 95.25
1222290; 0; 96.00
1222898; 0; 95.50
1223507; 0; 95.75
1224117; 0; 94.50
1224725; 0; 95.25
1225334; 0; 95.00
1225943; 0; 95.00
1226552; 0; 94.75
1227161; 0; 94.25
1227769; 0; 94.75
1228379; 0; 94.00
1228988; 0; 94.25
1229596; 0; 94.00
1230205; 0; 94.50
1230814; 0; 93.25
1231423; 0; 94.00
1232032; 0; 93.75
1232641; 0; 93.50
1233250; 0; 93.50
1233858; 0; 93.50
1234467; 0; 92.75
1235077; 0; 93.25
1235685; 0; 92.75
1236294; 0; 92.75
1236903; 0; 93.50
1237512; 0; 92.50
1238121; 0; 93.00
1238730; 0; 92.25
1239339; 0; 92.75
1239948; 0; 92.00
1240556; 0; 92.50
1241165; 0; 91.75
1241774; 0; 92.25
1242383; 0; 91.75
1242992; 0; 92.00
1243600; 0; 91.25
1244210; 0; 92.00
1244818; 0; 91.25
1245427; 0; 91.50
1246036; 0; 91.00
1246645; 0; 91.00
1247254; 0; 90.75
1247862; 0; 91.00
1248472; 0; 90.75
1249081; 0; 90.50
1249689; 0; 90.50
1250298; 0; 89.75
1250908; 0; 90.75
1251516; 0; 90.00
1252125; 0; 90.25
1252733; 0; 90.00
1253343; 0; 90.00
1253951; 0; 89.75
1254560; 0; 90.00
1255170; 0; 89.75
1255778; 0; 89.75
1256387; 0; 89.25
1256996; 0; 89.25
1257605; 0; 89.00
1258214; 0; 89.00
1258822; 0; 89.00
1259431; 0; 88.75
1260040; 0; 88.75
1260649; 0; 88.50
1261258; 0; 89.00
1261867; 0; 88.00
1262476; 0; 88.75
1263084; 0; 88.00
1263693; 0; 88.50
1264302; 0; 87.75
1264911; 0; 88.00
1265520; 0; 88.25
1266128; 0; 87.75
1266738; 0; 88.00
1267347; 0; 87.25
1267955; 0; 87.75
1268564; 0; 86.50
1269174; 0; 87.75
1269782; 0; 86.75
1270391; 0; 87.25
1271000; 0; 86.75
1271609; 0; 87.00
1272218; 0; 86.25
1272826; 0; 86.00
1273436; 0; 86.50
1274045; 0; 86.00
1274653; 0; 86.25
1275262; 0; 86.25
1275871; 0; 86.00
1276480; 0; 85.75
1277089; 0; 86.00
1277698; 0; 85.25
1278307; 0; 86.00
1278915; 0; 85.25
1279524; 0; 85.50
1280134; 0; 85.25
1280742; 0; 85.00
1281351; 0; 85.25
1281960; 0; 84.50
1282569; 0; 85.50
1283178; 0; 84.75
1283786; 0; 85.25
1284396; 0; 84.50
1285004; 0; 84.50
1285613; 0; 84.75
1286222; 0; 84.50
1286831; 0; 84.50
1287440; 0; 84.25
1288049; 0; 84.00
1288657; 0; 83.75
1289267; 0; 84.25
1289875; 0; 83.50
1290484; 0; 84.25
1291094; 0; 83.00
1291702; 0; 83.75
1292311; 0; 83.25
1292920; 0; 83.00
1293529; 0; 83.00
1294138; 0; 82.75
1294746; 0; 83.25
1295355; 0; 82.50
1295965; 0; 83.00
1296573; 0; 82.50
1297182; 0; 83.25
1297790; 0; 82.00
1298400; 0; 82.25
1299009; 0; 82.00
1299617; 0; 82.00
1300227; 0; 82.00
1300835; 0; 81.75
1301444; 0; 81.75
1302053; 0; 81.75
1302662; 0; 82.00
1303271; 0; 81.00
1303880; 0; 81.50
1304488; 0; 81.25
1305098; 0; 81.25
1305706; 0; 80.50
1306315; 0; 81.25
1306924; 0; 80.50
1307533; 0; 81.00
1308142; 0; 80.50
1308750; 0; 80.25
1309360; 0; 80.00
1309969; 0; 79.75
1310577; 0; 80.50
1311186; 0; 79.25
1311795; 0; 80.50
1312404; 0; 79.75
1313013; 0; 79.75
1313622; 0; 79.00
1314231; 0; 80.00
1314839; 0; 78.75
1315448; 0; 79.00
1316058; 0; 79.00
1316666; 0; 79.00
1317275; 0; 78.50
1317883; 0; 79.00
1318493; 0; 78.50
1319102; 0; 77.75
1319710; 0; 78.50
1320320; 0; 78.25
1320928; 0; 78.00
1321537; 0; 77.75
1322146; 0; 78.25
1322755; 0; 77.50
1323364; 0; 78.25
1323972; 0; 76.50
1324581; 0; 77.75
1325191; 0; 77.25
1325799; 0; 77.25
1326408; 0; 76.75
1327017; 0; 77.00
1327626; 0; 77.00
1328235; 0; 76.25
1328844; 0; 76.75
1329453; 0; 76.25
1330062; 0; 76.25
1330671; 0; 76.25
1331279; 0; 76.50
1331889; 0; 75.50
1332497; 0; 76.25
1333106; 0; 75.75
1333715; 0; 75.75
1334324; 0; 75.50
1334933; 0; 75.25
1335541; 0; 75.00
1336151; 0; 75.75
1336760; 0; 75.25
1337368; 0; 74.50
1337977; 0; 75.25
1338587; 0; 74.25
1339195; 0; 75.50
1339804; 0; 74.75
1340412; 0; 74.50
1341022; 0; 74.50
1341631; 0; 74.50
1342239; 0; 74.25
1342849; 0; 74.75
1343457; 0; 73.75
1344066; 0; 74.50
1344675; 0; 74.00
1345284; 0; 74.00
1345893; 0; 74.25
1346502; 0; 73.50
1347110; 0; 74.25
1347720; 0; 73.25
1348329; 0; 73.75
1348937; 0; 73.00
1349547; 0; 72.75
1350155; 0; 73.00
1350764; 0; 72.75
1351373; 0; 72.75
1351982; 0; 73.25
1352591; 0; 72.50
1353200; 0; 72.25
1353808; 0; 73.00
1354418; 0; 72.00
1355026; 0; 72.50
1355635; 0; 72.25
1356244; 0; 72.50
1356853; 0; 71.25
1357462; 0; 72.50
1358070; 0; 71.75
1358680; 0; 72.50
1359289; 0; 71.75
1359897; 0; 71.75
1360506; 0; 71.75
1361116; 0; 71.50
1361724; 0; 71.50
1362333; 0; 71.25
1362942; 0; 71.25
1363551; 0; 71.00
1364160; 0; 71.00
1364768; 0; 70.75
1365378; 0; 71.25
1365987; 0; 70.50
1366595; 0; 70.50
1367204; 0; 70.75
1367813; 0; 71.00
1368422; 0; 70.50
1369031; 0; 70.00
1369639; 0; 70.50
1370249; 0; 70.00
1370858; 0; 70.25
1371466; 0; 70.00
1372076; 0; 70.25
1372685; 0; 69.75
1373293; 0; 70.00
1373902; 0; 69.50
1374511; 0; 69.75
1375120; 0; 69.50
1375729; 0; 69.75
1376337; 0; 69.50
1376947; 0; 69.25
1377555; 0; 69.00
1378164; 0; 69.00
1378774; 0; 69.00
1379382; 0; 68.75
1379991; 0; 69.25
1380599; 0; 68.50
1381209; 0; 68.50
1381818; 0; 68.00
1382426; 0; 68.50
1383035; 0; 68.25
1383644; 0; 68.75
1384253; 0; 67.75
1384861; 0; 68.25
1385470; 0; 67.50
1386080; 0; 68.50
1386688; 0; 68.00
1387297; 0; 68.00
1387906; 0; 67.75
1388515; 0; 67.50
1389124; 0; 68.00
1389732; 0; 67.50
1390342; 0; 67.75
1390950; 0; 67.00
1391559; 0; 67.50
1392168; 0; 67.25
1392777; 0; 67.50
1393386; 0; 66.75
1393994; 0; 67.50
1394604; 0; 66.25
1395213; 0; 67.25
1395821; 0; 66.50
1396430; 0; 66.50
1397039; 0; 66.75
1397648; 0; 66.50
1398257; 0; 66.00
1398865; 0; 66.50
1399475; 0; 65.75
1400083; 0; 65.75
1400692; 0; 66.50
1401302; 0; 65.75
1401910; 0; 66.25
1402519; 0; 65.25
1403127; 0; 66.00
1403737; 0; 65.25
1404346; 0; 66.00
1404954; 0; 65.25
1405563; 0; 65.75
1406172; 0; 64.75
1406781; 0; 65.25
1407389; 0; 65.00
1407998; 0; 65.50
1408608; 0; 65.25
1409216; 0; 64.50
1409825; 0; 65.00
1410435; 0; 65.00
1411043; 0; 65.00
1411652; 0; 64.25
1412260; 0; 64.50
1412870; 0; 64.25
1413479; 0; 65.00
1414087; 0; 64.00
1414696; 0; 64.75
1415305; 0; 64.00
1415914; 0; 64.25
1416522; 0; 63.25
1417132; 0; 64.25
1417741; 0; 63.50
1418349; 0; 64.00
1418958; 0; 63.75
1419567; 0; 63.75
1420176; 0; 63.50
1420785; 0; 63.25
1421393; 0; 63.75
1422003; 0; 63.50
1422612; 0; 63.50
1423220; 0; 63.25
1423830; 0; 63.25
1424438; 0; 62.50
1425047; 0; 63.50
1425656; 0; 62.75
1426265; 0; 63.00
1426874; 0; 62.00
1427482; 0; 63.25
1428091; 0; 62.75
1428701; 0; 63.00
1429309; 0; 62.00
1429918; 0; 63.00
1430528; 0; 62.50
1431136; 0; 62.50
1431745; 0; 62.75
1432353; 0; 62.00
1432963; 0; 62.50
1433572; 0; 62.00
1434180; 0; 61.50
1434789; 0; 61.50
1435398; 0; 62.25
1436007; 0; 61.50
1436616; 0; 62.00
1437224; 0; 61.50
1437834; 0; 61.75
1438442; 0; 61.00
1439051; 0; 61.50
1439661; 0; 61.25
1440269; 0; 61.25
1440878; 0; 61.25
1441486; 0; 61.50
1442096; 0; 61.00
1442705; 0; 61.50
1443313; 0; 61.00
1443922; 0; 60.75
1444531; 0; 60.50
1445140; 0; 60.25
1445749; 0; 60.75
1446358; 0; 59.50
1446967; 0; 61.00
1447575; 0; 60.00
1448184; 0; 60.50
1448794; 0; 60.25
1449402; 0; 60.00
1450011; 0; 60.00
1450619; 0; 60.00
1451229; 0; 59.00
1451837; 0; 60.00
1452446; 0; 60.00
1453054; 0; 59.75
1453664; 0; 60.00
1454273; 0; 59.25
1454881; 0; 59.75
1455491; 0; 59.50
1456099; 0; 59.75
1456708; 0; 59.25
1457317; 0; 59.50
1457926; 0; 59.00
1458535; 0; 59.50
1459143; 0; 58.75
1459752; 0; 59.50
1460362; 0; 58.75
1460970; 0; 59.00
1461579; 0; 59.00
1462188; 0; 59.00
1462797; 0; 58.75
1463406; 0; 58.75
1464014; 0; 58.50
1464624; 0; 58.00
1465232; 0; 58.50
1465841; 0; 58.25
1466450; 0; 58.25
1467059; 0; 57.75
1467668; 0; 58.50
1468277; 0; 58.00
1468886; 0; 57.75
1469495; 0; 57.75
1470103; 0; 58.00
1470712; 0; 58.00
1471322; 0; 57.25
1471930; 0; 58.00
1472539; 0; 57.25
1473147; 0; 57.75
1473757; 0; 56.75
1474366; 0; 57.50
1474974; 0; 56.75
1475584; 0; 57.50
1476193; 0; 56.50
1476801; 0; 57.50
1477410; 0; 57.00
1478019; 0; 57.25
1478628; 0; 56.75
1479237; 0; 57.25
1479845; 0; 56.25
1480455; 0; 57.00
1481064; 0; 56.25
1481672; 0; 56.50
1482281; 0; 56.50
1482890; 0; 56.50
1483499; 0; 56.25
1484108; 0; 56.00
1484717; 0; 56.50
1485326; 0; 55.50
1485934; 0; 56.50
1486543; 0; 55.75
1487153; 0; 56.50
1487761; 0; 55.25
1488370; 0; 55.75
1488978; 0; 55.75
1489588; 0; 55.50
1490197; 0; 55.00
1490805; 0; 55.00
1491415; 0; 55.25
1492023; 0; 54.75
1492632; 0; 55.75
1493241; 0; 54.75
1493850; 0; 55.25
1494459; 0; 54.50
1495068; 0; 54.75
1495676; 0; 55.00
1496286; 0; 55.25
1496894; 0; 54.75
1497503; 0; 55.00
1498112; 0; 54.50
1498721; 0; 54.50
1499330; 0; 54.50
1499938; 0; 54.75
1500548; 0; 54.50
1501156; 0; 54.50
1501765; 0; 54.50
1502374; 0; 54.25
1502983; 0; 54.50
1503592; 0; 54.00
1504200; 0; 54.50
1504809; 0; 53.75
1505418; 0; 54.00
1506027; 0; 53.25
1506636; 0; 54.50
1507245; 0; 53.00
1507854; 0; 54.25
1508462; 0; 53.50
1509071; 0; 53.50
1509681; 0; 53.50
1510289; 0; 53.50
1510898; 0; 53.00
1511506; 0; 53.25
1512116; 0; 53.25
1512725; 0; 53.00
1513333; 0; 53.50
1513943; 0; 52.50
1514551; 0; 53.25
1515160; 0; 52.25
1515769; 0; 53.25
1516378; 0; 52.25
1516987; 0; 52.75
1517596; 0; 52.50
1518204; 0; 52.75
1518814; 0; 52.25
1519422; 0; 53.00
1520031; 0; 52.25
1520640; 0; 52.75
1521249; 0; 52.00
1521858; 0; 52.25
1522466; 0; 52.00
1523076; 0; 51.75
1523685; 0; 52.50
1524293; 0; 52.00
1524902; 0; 52.00
1525511; 0; 51.50
1526120; 0; 52.00
1526729; 0; 51.50
1527337; 0; 51.50
1527947; 0; 51.00
1528555; 0; 51.75
1529164; 0; 51.25
1529773; 0; 51.25
1530382; 0; 50.75
1530990; 0; 51.25
1531599; 0; 50.75
1532209; 0; 51.50
1532817; 0; 50.75
1533426; 0; 51.25
1534034; 0; 50.75
1534644; 0; 51.00
1535253; 0; 50.50
1535861; 0; 50.00
1536471; 0; 51.00
1537079; 0; 50.50
1537688; 0; 50.75
1538297; 0; 50.00
1538906; 0; 50.50
1539515; 0; 50.50
1540123; 0; 50.50
1540732; 0; 50.00
1541342; 0; 50.50
1541950; 0; 50.25
1542559; 0; 50.75
1543169; 0; 50.00
1543777; 0; 50.00
1544386; 0; 50.25
1544994; 0; 49.75
1545604; 0; 50.25
1546213; 0; 49.75
1546821; 0; 50.25
1547430; 0; 49.50
1548039; 0; 49.75
1548648; 0; 49.50
1549257; 0; 50.00
1549865; 0; 49.50
1550475; 0; 49.75
1551084; 0; 49.25
1551692; 0; 49.50
1552302; 0; 48.75
1552910; 0; 49.00
1553519; 0; 49.25
1554128; 0; 49.00
1554737; 0; 49.25
1555346; 0; 48.75
1555954; 0; 49.25
1556563; 0; 48.25
1557173; 0; 49.00
1557781; 0; 47.75
1558390; 0; 49.25
1558999; 0; 48.00
1559608; 0; 48.75
1560216; 0; 48.25
1560825; 0; 48.25
1561435; 0; 48.00
1562043; 0; 48.00
1562652; 0; 48.25
1563260; 0; 48.50
1563870; 0; 47.75
1564479; 0; 48.00
1565087; 0; 48.25
1565697; 0; 47.75
1566306; 0; 48.00
1566914; 0; 47.75
1567523; 0; 48.00
1568132; 0; 47.50
1568741; 0; 48.00
1569350; 0; 47.50
1569958; 0; 47.25
1570568; 0; 47.50
1571177; 0; 47.75
1571785; 0; 46.75
1572395; 0; 47.50
1573003; 0; 47.00
1573612; 0; 47.25
1574221; 0; 47.00
1574830; 0; 47.50
1575439; 0; 46.75
1576047; 0; 47.25
1576656; 0; 47.00
1577266; 0; 46.50
1577874; 0; 46.25
1578483; 0; 46.75
1579092; 0; 46.75
1579701; 0; 46.75
1580310; 0; 46.75
1580918; 0; 46.25
1581528; 0; 46.50
1582137; 0; 46.25
1582745; 0; 46.50
1583354; 0; 46.00
1583963; 0; 46.50
1584572; 0; 46.00
1585181; 0; 46.50
1585789; 0; 45.75
1586399; 0; 46.50
1587008; 0; 45.00
1587616; 0; 46.50
1588226; 0; 45.75
1588834; 0; 45.75
1589443; 0; 45.00
1590051; 0; 46.25
1590661; 0; 45.75
1591270; 0; 46.00
1591878; 0; 45.75
1592487; 0; 45.75
1593097; 0; 45.50
1593705; 0; 45.50
1594314; 0; 45.25
1594923; 0; 45.25
1595532; 0; 45.50
1596141; 0; 44.75
1596749; 0; 45.50
1597359; 0; 44.75
1597968; 0; 45.25
1598576; 0; 45.00
1599185; 0; 45.00
1599795; 0; 44.50
1600403; 0; 44.75
1601012; 0; 44.75
1601620; 0; 45.25
1602230; 0; 44.75
1602839; 0; 45.00
1603447; 0; 44.50
1604057; 0; 45.00
1604665; 0; 44.50
1605274; 0; 45.00
1605883; 0; 44.25
1606492; 0; 44.75
1607101; 0; 44.50
1607709; 0; 44.75
1608318; 0; 44.25
1608928; 0; 44.25
1609536; 0; 44.25
1610145; 0; 43.75
1610754; 0; 44.00
1611363; 0; 44.00
1611972; 0; 44.00
1612580; 0; 43.75
1613190; 0; 43.75
1613799; 0; 43.50
1614407; 0; 43.75
1615016; 0; 43.50
1615625; 0; 43.50
1616234; 0; 43.25
1616843; 0; 44.25
1617452; 0; 43.50
1618061; 0; 44.00
1618669; 0; 43.00
1619278; 0; 43.75
1619887; 0; 43.25
1620496; 0; 43.75
1621105; 0; 43.75
1621713; 0; 43.50
1622323; 0; 43.25
1622931; 0; 43.25
1623540; 0; 43.50
1624150; 0; 42.75
1624758; 0; 43.25
1625367; 0; 42.50
1625976; 0; 42.75
1626585; 0; 42.50
0
1627194; 0; 43.00
1629739; 0; 42.50
1630348; 0; 42.75
1630956; 0; 42.00
1631565; 0; 42.50
1632175; 0; 42.75
1632783; 0; 42.25
1633392; 0; 42.50
1634000; 0; 42.50
1634610; 0; 42.25
1635219; 0; 41.75
0
1635827; 0; 42.75
0
1638334; 0; 41.50
1